1
13
Wenbin_Ouyang
30
1
1
-0.0485568
0.0865974
-0.0172783
-0.0189002
-0.0233871
-0.0645579
-0.0219373
-0.104365
0.169301
-0.113738
0.173335
-0.0201823
-0.183546
-0.142645
0.0511167
0.154539
-0.170396
-0.155859
-0.0523127
-0.040484
0.0748052
-0.0214816
0.0162591
-0.0044653
-0.0842897
-0.381417
-0.117282
-0.0561208
0.0842235
-0.0123122
-0.0179607
0.0918777
-0.168289
-0.0942468
0.0588927
0.120735
-0.0740153
-0.0806107
0.1938
0.0170724
-0.204247
0.0200393
0.0519353
0.251899
0.214219
0.0621675
0.0277822
-0.15003
0.145387
-0.140143
0.0234275
0.175556
0.0799747
0.103096
0.050549
-0.0459801
0.0734753
0.0350262
-0.225909
-0.0187396
0.0738176
-0.0805316
-0.0727944
-0.0797788
0.182426
0.0693864
-0.082794
-0.172113
0.191497
-0.180118
-0.11193
0.0646134
-0.140347
-0.172387
-0.281579
0.015445
0.40048
0.110297
-0.101549
0.0758196
0.0167136
-0.0821776
0.141802
0.176534
-0.0318497
-0.0329649
-0.0269311
0.0383507
0.237075
-0.0504899
-0.0804681
0.14959
-0.00466372
0.0942696
0.024824
0.0402621
-0.0263757
0.0660722
-0.163334
-0.0549576
0.122543
-0.063679
0.000988878
0.111303
-0.107221
0.130769
0.0361866
0.0434236
0.082968
0.00361084
-0.132334
-0.0682181
0.0992204
-0.211018
0.239713
0.192803
0.0293776
0.0602422
0.0936525
0.102744
0.0228121
-0.0588153
-0.232857
-0.0657073
0.0616785
0.0594688
0.0460183
-0.0143104
