2
12
Jinliang_Wei
24
1
1
-0.10689
0.127529
0.0715431
-0.0764997
-0.0530564
0.00514406
-0.0426425
-0.0783405
0.1623
-0.0878091
0.185038
0.00202853
-0.245156
0.0107996
-0.0118271
0.132487
-0.134725
-0.113805
-0.0971343
-0.139094
0.0639425
0.0349424
0.0445184
-0.0359787
-0.139117
-0.344861
-0.0729501
-0.100521
0.0411413
-0.0726829
-0.0279468
-0.0174516
-0.137344
0.00929673
0.0134641
0.00168402
-0.0907624
-0.0619734
0.218641
0.0751948
-0.171874
0.0109923
0.056732
0.254187
0.211136
0.0865914
0.0466219
-0.0877419
0.089819
-0.230185
0.103596
0.159992
0.038646
0.0746811
0.171998
-0.118913
0.0128518
0.0330683
-0.130255
0.0425254
0.0890765
-0.0460291
-0.0674779
-0.0733176
0.227416
0.130788
-0.104508
-0.115417
0.166977
-0.158016
-0.141006
-0.0113449
-0.129665
-0.111523
-0.343309
0.0459475
0.332902
0.151908
-0.144393
0.026471
0.0106561
0.00299177
0.113505
0.123544
-0.161242
-0.00142652
-0.0226696
-0.0153311
0.180214
-0.0130018
-0.0874793
0.181594
-0.00246931
0.0236538
0.0351198
0.0616649
-0.130104
-0.0872273
-0.140908
-0.0573909
0.0765747
-0.061055
-0.0127635
0.200729
-0.212316
0.103991
-0.067197
-0.0589974
-0.0282526
0.0661693
-0.0839454
-0.0491701
0.0726232
-0.199322
0.158612
0.24022
0.0187911
0.0618098
0.10478
0.0238994
-0.000688127
0.0881782
-0.169739
-0.116144
0.0096206
0.0437404
-0.00162497
0.0558049
