3
7
Jue_Hou
28
1
1
-0.124321
0.107765
0.085111
-0.0464918
-0.0688831
0.000752057
-0.0354206
-0.00490694
0.177493
-0.0804284
0.213705
0.015226
-0.22124
-0.0135457
0.00652894
0.162191
-0.235985
-0.114808
-0.0223802
-0.0870954
0.0298762
0.0932467
-0.0316591
0.0367181
-0.202132
-0.33444
-0.0819773
-0.0938304
0.0710004
-0.0943576
-0.00451924
0.0688518
-0.116824
0.0243781
0.0811182
0.143337
-0.0410881
-0.0997708
0.2237
0.063973
-0.203074
-0.0273329
0.0390877
0.296047
0.228738
0.00721148
0.00340102
-0.136902
0.156978
-0.221486
0.0605833
0.212762
-0.00315642
0.127108
0.0353326
-0.141101
0.0183326
0.0879824
-0.248669
-0.0220925
0.0446829
-0.105763
-0.0230402
-0.0423829
0.130379
0.0940109
-0.123736
-0.227169
0.167506
-0.213337
-0.0937811
0.122075
-0.120174
-0.190554
-0.293574
0.0464188
0.345319
0.155477
-0.122788
0.061843
-0.00434336
-0.119517
0.11951
0.19559
-0.0223372
-0.0246263
-0.0578346
0.0762662
0.220884
-0.0178397
-0.0343144
0.189863
-0.000922676
0.0452148
0.0311814
0.110054
-0.130886
0.0271206
-0.138545
-0.0734916
0.0887547
0.0136732
0.00596944
0.154283
-0.151573
0.200434
0.00843885
-0.0507519
-0.0147296
-0.0805029
-0.0995032
-0.00800796
0.185864
-0.233804
0.209301
0.164116
0.0158165
0.135078
0.110947
0.047638
-0.0078587
-0.0933845
-0.200935
-0.0304947
0.0275872
-0.00450017
0.0624758
-0.0384594
