4
12
Jinfeng_Zhou
29
2
2
-0.100648
0.065431
0.103211
-0.0634247
-0.0914294
-0.0382663
-0.039009
-0.116967
0.112958
-0.150933
0.235666
-0.0256969
-0.186153
-0.0352373
-0.0143663
0.181852
-0.130977
-0.130662
-0.113879
-0.0590724
0.0560717
0.0677434
-0.00397229
-0.000104045
-0.147844
-0.364834
-0.13419
0.00988138
0.056874
-0.036341
-0.0357896
0.0623222
-0.12326
-0.005757
0.0598104
0.108862
-0.0676859
-0.0943671
0.205719
0.102895
-0.207877
0.0415316
0.0835308
0.307062
0.233772
0.0667407
0.0342862
-0.116755
0.108348
-0.213156
-0.0101119
0.175679
0.0651238
0.0653785
0.0940747
-0.088093
0.0535611
0.0828699
-0.226796
0.00248273
0.0732082
-0.0962532
-0.0193917
-0.105299
0.208916
0.0916772
-0.151336
-0.106498
0.150992
-0.200216
-0.0895211
-0.0115108
-0.145872
-0.171747
-0.330432
-0.025686
0.384417
0.175064
-0.16903
0.0616553
0.0279124
-0.0450509
0.147541
0.178651
-0.0737429
0.00941101
-0.0507593
0.0162172
0.211191
-0.0177392
0.00586712
0.251547
0.0280237
0.0471141
0.0363154
0.0290432
-0.132518
-0.0348765
-0.130413
-0.0222364
-0.017
-0.0484708
0.0606937
0.129651
-0.145171
0.190314
-0.0193922
0.00738591
-0.00819375
-0.015872
-0.103571
-0.0644771
0.104822
-0.207951
0.0949447
0.220748
-0.00428178
0.0954538
0.156323
0.0798367
-0.0315374
0.038116
-0.171068
-0.0457542
0.00639714
-0.066157
0.0897117
0.0164553
